31 375 158
32 359 151
32 359 151
34 346 146
34 346 146
34 346 146
34 346 146
34 346 146
37 320 135
37 320 135
37 320 135
37 320 135
38 311 131
38 311 131
38 311 131
38 311 131
38 311 131
38 306 129
38 306 129
41 288 121
41 288 121
41 288 121
41 284 120
41 284 120
42 277 117
42 277 117
42 277 117
42 277 117
42 277 117
43 268 113
43 268 113
43 268 113
45 258 109
45 258 109
45 258 109
45 258 109
45 261 110
45 261 110
46 256 108
46 256 108
46 256 108
48 245 103
48 245 103
48 245 103
48 245 103
48 245 103
49 240 101
51 229 96
51 229 96
51 229 96
52 224 94
52 224 94
52 224 94
52 224 94
52 224 94
52 224 94
52 224 94
52 224 94
54 215 91
54 215 91
54 215 91
54 215 91
54 215 91
54 215 91
54 215 91
56 210 88
56 210 88
56 210 88
55 213 90
55 213 90
55 213 90
57 204 86
57 204 86
57 204 86
57 204 86
57 204 86
57 204 86
57 204 86
57 204 86
57 204 86
57 204 86
57 204 86
57 204 86
59 197 83
59 197 83
59 197 83
59 197 83
59 197 83
59 197 83
60 194 82
60 194 82
60 194 82
60 194 82
60 194 82
60 194 82
62 188 79
62 188 79
62 188 79
62 188 79
62 188 79
62 188 79
62 188 79
63 186 78
63 186 78
63 186 78
63 186 78
63 186 78
63 186 78
63 186 78
63 186 78
65 181 76
65 181 76
65 181 76
64 183 77
64 183 77
64 183 77
64 183 77
65 181 76
65 181 76
65 181 76
65 178 75
65 178 75
65 178 75
65 178 75
66 176 74
69 170 72
69 170 72
67 172 73
69 170 72
69 170 72
70 167 70
70 167 70
70 167 70
70 167 70
70 167 70
70 167 70
71 165 69
71 165 69
71 165 69
71 165 69
71 165 69
71 165 69
71 165 69
71 165 69
72 162 68
72 162 68
72 162 68
73 160 67
73 160 67
73 160 67
73 160 67
73 160 67
73 160 67
74 156 66
74 156 66
74 156 66
74 156 66
74 156 66
74 156 66
74 156 66
76 154 65
76 154 65
76 154 65
76 154 65
76 154 65
76 154 65
76 154 65
76 154 65
76 154 65
78 149 63
78 149 63
78 149 63
78 149 63
77 151 64
77 151 64
77 151 64
77 151 64
77 151 64
77 151 64
78 149 63
78 149 63
78 149 63
78 149 63
80 146 61
80 146 61
80 146 61
80 146 61
80 146 61
81 144 60
81 144 60
81 144 60
81 144 60
81 144 60
81 144 60
81 144 60
81 144 60
83 140 59
84 138 58
84 138 58
84 138 58
84 138 58
84 138 58
84 138 58
84 138 58
84 138 58
84 138 58
84 138 58
84 138 58
84 138 58
84 138 58
84 138 58
86 135 57
86 135 57
86 135 57
86 135 57
84 138 58
84 138 58
87 133 56
87 133 56
87 133 56
87 133 56
87 133 56
87 133 56
86 135 57
86 135 57
86 135 57
86 135 57
87 133 56
87 133 56
87 133 56
87 133 56
87 133 56
87 133 56
87 133 56
87 133 56
89 130 55
89 130 55
89 130 55
91 128 54
91 128 54
91 128 54
91 128 54
91 128 54
91 128 54
91 128 54
91 128 54
91 128 54
91 128 54
91 128 54
91 128 54
91 128 54
91 128 54
91 128 54
91 128 54
93 124 52
93 124 52
93 124 52
93 124 52
91 128 54
91 128 54
91 128 54
91 128 54
91 128 54
91 128 54
93 124 52
93 124 52
95 122 51
95 122 51
95 122 51
95 122 51
95 122 51
93 124 52
93 124 52
95 122 51
95 122 51
95 122 51
95 122 51
95 122 51
95 122 51
95 122 51
95 122 51
95 122 51
95 122 51
97 119 50
97 119 50
97 119 50
97 119 50
97 119 50
97 119 50
97 119 50
97 119 50
99 117 49
99 117 49
97 119 50
97 119 50
97 119 50
97 119 50
99 117 49
99 117 49
101 114 48
101 114 48
101 114 48
101 114 48
101 114 48
101 114 48
104 112 47
104 112 47
104 112 47
104 112 47
104 112 47
99 117 49
99 117 49
99 117 49
99 117 49
99 117 49
99 117 49
99 117 49
101 114 48
101 114 48
101 114 48
101 114 48
101 114 48
101 114 48
101 114 48
104 112 47
104 112 47
104 112 47
104 112 47
104 112 47
104 112 47
104 112 47
104 112 47
104 112 47
104 112 47
104 112 47
104 112 47
104 112 47
109 106 45
109 106 45
109 106 45
109 106 45
106 108 46
106 108 46
106 108 46
104 112 47
104 112 47
104 112 47
104 112 47
104 112 47
109 106 45
109 106 45
109 106 45
109 106 45
109 106 45
109 106 45
109 106 45
109 106 45
112 103 43
112 103 43
112 103 43
112 103 43
109 106 45
109 106 45
109 106 45
109 106 45
109 106 45
109 106 45
109 106 45
109 106 45
109 106 45
109 106 45
109 106 45
109 106 45
109 106 45
115 101 42
115 101 42
112 103 43
112 103 43
112 103 43
112 103 43
109 106 45
109 106 45
109 106 45
109 106 45
109 106 45
109 106 45
109 106 45
109 106 45
115 101 42
115 101 42
112 103 43
112 103 43
112 103 43
112 103 43
115 101 42
115 101 42
115 101 42
115 101 42
115 101 42
115 101 42
118 98 41
118 98 41
118 98 41
118 98 41
118 98 41
118 98 41
118 98 41
121 96 40
121 96 40
115 101 42
115 101 42
115 101 42
115 101 42
118 98 41
118 98 41
115 101 42
115 101 42
115 101 42
115 101 42
121 96 40
121 96 40
121 96 40
121 96 40
121 96 40
121 96 40
121 96 40
121 96 40
115 101 42
115 101 42
121 96 40
121 96 40
121 96 40
121 96 40
121 96 40
121 96 40
121 96 40
121 96 40
121 96 40
121 96 40
121 96 40
121 96 40
121 96 40
121 96 40
121 96 40
121 96 40
121 96 40
121 96 40
121 96 40
121 96 40
121 96 40
121 96 40
121 96 40
121 96 40
121 96 40
121 96 40
121 96 40
121 96 40
121 96 40
121 96 40
121 96 40
121 96 40
121 96 40
121 96 40
121 96 40
121 96 40
121 96 40
121 96 40
121 96 40
121 96 40
121 96 40
121 96 40
124 92 39
124 92 39
121 96 40
121 96 40
121 96 40
121 96 40
124 92 39
124 92 39
124 92 39
124 92 39
124 92 39
124 92 39
124 92 39
128 90 38
128 90 38
128 90 38
128 90 38
128 90 38
128 90 38
124 92 39
124 92 39
124 92 39
124 92 39
124 92 39
124 92 39
128 90 38
128 90 38
128 90 38
128 90 38
128 90 38
128 90 38
128 90 38
128 90 38
128 90 38
128 90 38
128 90 38
128 90 38
128 90 38
128 90 38
128 90 38
128 90 38
124 92 39
124 92 39
124 92 39
131 87 37
131 87 37
131 87 37
124 92 39
124 92 39
124 92 39
124 92 39
124 92 39
128 90 38
128 90 38
128 90 38
128 90 38
128 90 38
128 90 38
128 90 38
128 90 38
128 90 38
128 90 38
131 87 37
131 87 37
131 87 37
128 90 38
128 90 38
128 90 38
128 90 38
131 87 37
131 87 37
131 87 37
128 90 38
128 90 38
128 90 38
128 90 38
135 85 36
135 85 36
131 87 37
131 87 37
131 87 37
131 87 37
131 87 37
131 87 37
131 87 37
128 90 38
128 90 38
128 90 38
128 90 38
131 87 37
131 87 37
135 85 36
135 85 36
135 85 36
135 85 36
135 85 36
135 85 36
135 85 36
131 87 37
131 87 37
131 87 37
135 85 36
135 85 36
135 85 36
135 85 36
135 85 36
135 85 36
135 85 36
135 85 36
135 85 36
135 85 36
135 85 36
135 85 36
135 85 36
135 85 36
135 85 36
135 85 36
135 85 36
135 85 36
135 85 36
135 85 36
135 85 36
135 85 36
135 85 36
131 87 37
131 87 37
131 87 37
135 85 36
135 85 36
135 85 36
135 85 36
135 85 36
135 85 36
135 85 36
135 85 36
135 85 36
135 85 36
135 85 36
135 85 36
135 85 36
135 85 36
135 85 36
135 85 36
135 85 36
135 85 36
135 85 36
135 85 36
135 85 36
135 85 36
135 85 36
140 82 34
140 82 34
140 82 34
140 82 34
140 82 34
140 82 34
135 85 36
135 85 36
135 85 36
135 85 36
135 85 36
135 85 36
140 82 34
140 82 34
140 82 34
140 82 34
135 85 36
135 85 36
135 85 36
144 80 33
144 80 33
144 80 33
144 80 33
144 80 33
144 80 33
135 85 36
135 85 36
140 82 34
140 82 34
140 82 34
140 82 34
140 82 34
140 82 34
140 82 34
144 80 33
144 80 33
144 80 33
144 80 33
140 82 34
140 82 34
140 82 34
140 82 34
135 85 36
135 85 36
135 85 36
149 76 32
149 76 32
140 82 34
140 82 34
140 82 34
140 82 34
135 85 36
135 85 36
140 82 34
140 82 34
140 82 34
140 82 34
140 82 34
135 85 36
135 85 36
144 80 33
144 80 33
144 80 33
144 80 33
135 85 36
135 85 36
144 80 33
144 80 33
144 80 33
144 80 33
135 85 36
135 85 36
135 85 36
144 80 33
144 80 33
144 80 33
144 80 33
144 80 33
140 82 34
144 80 33
144 80 33
144 80 33
144 80 33
144 80 33
144 80 33
144 80 33
144 80 33
144 80 33
144 80 33
144 80 33
144 80 33
144 80 33
149 76 32
149 76 32
149 76 32
149 76 32
149 76 32
149 76 32
144 80 33
144 80 33
144 80 33
144 80 33
149 76 32
149 76 32
144 80 33
149 76 32
144 80 33
149 76 32
149 76 32
149 76 32
149 76 32
149 76 32
149 76 32
154 74 31
154 74 31
154 74 31
149 76 32
149 76 32
149 76 32
149 76 32
149 76 32
149 76 32
149 76 32
149 76 32
149 76 32
154 74 31
154 74 31
149 76 32
149 76 32
149 76 32
149 76 32
149 76 32
149 76 32
149 76 32
149 76 32
149 76 32
149 76 32
149 76 32
149 76 32
149 76 32
149 76 32
149 76 32
149 76 32
149 76 32
149 76 32
149 76 32
149 76 32
149 76 32
149 76 32
149 76 32
149 76 32
149 76 32
149 76 32
149 76 32
149 76 32
149 76 32
149 76 32
154 74 31
154 74 31
149 76 32
149 76 32
149 76 32
149 76 32
154 74 31
154 74 31
154 74 31
154 74 31
154 74 31
154 74 31
154 74 31
154 74 31
154 74 31
154 74 31
154 74 31
154 74 31
154 74 31
154 74 31
154 74 31
160 71 30
160 71 30
160 71 30
160 71 30
160 71 30
160 71 30
154 74 31
154 74 31
154 74 31
154 74 31
154 74 31
154 74 31
160 71 30
160 71 30
160 71 30
160 71 30
160 71 30
160 71 30
160 71 30
160 71 30
160 71 30
160 71 30
160 71 30
160 71 30
160 71 30
166 69 29
166 69 29
166 69 29
166 69 29
166 69 29
160 71 30
160 71 30
160 71 30
160 71 30
160 71 30
160 71 30
154 74 31
154 74 31
160 71 30
160 71 30
160 71 30
160 71 30
166 69 29
166 69 29
160 71 30
160 71 30
166 69 29
166 69 29
166 69 29
166 69 29
160 71 30
160 71 30
160 71 30
166 69 29
166 69 29
166 69 29
166 69 29
166 69 29
166 69 29
160 71 30
160 71 30
160 71 30
160 71 30
160 71 30
160 71 30
166 69 29
166 69 29
166 69 29
166 69 29
166 69 29
160 71 30
160 71 30
166 69 29
166 69 29
166 69 29
166 69 29
166 69 29
166 69 29
166 69 29
166 69 29
166 69 29
166 69 29
166 69 29
166 69 29
160 71 30
160 71 30
160 71 30
160 71 30
160 71 30
160 71 30
160 71 30
160 71 30
160 71 30
160 71 30
160 71 30
166 69 29
166 69 29
166 69 29
166 69 29
166 69 29
166 69 29
160 71 30
160 71 30
160 71 30
166 69 29
166 69 29
166 69 29
166 69 29
160 71 30
160 71 30
160 71 30
166 69 29
166 69 29
166 69 29
166 69 29
166 69 29
166 69 29
160 71 30
160 71 30
160 71 30
160 71 30
160 71 30
160 71 30
160 71 30
160 71 30
160 71 30
160 71 30
160 71 30
160 71 30
160 71 30
166 69 29
166 69 29
166 69 29
166 69 29
166 69 29
166 69 29
166 69 29
166 69 29
166 69 29
166 69 29
166 69 29
166 69 29
166 69 29
166 69 29
166 69 29
166 69 29
166 69 29
166 69 29
166 69 29
160 71 30
160 71 30
160 71 30
166 69 29
166 69 29
166 69 29
166 69 29
160 71 30
160 71 30
160 71 30
166 69 29
166 69 29
166 69 29
166 69 29
166 69 29
166 69 29
166 69 29
172 66 28
172 66 28
172 66 28
172 66 28
172 66 28
172 66 28
172 66 28
172 66 28
166 69 29
166 69 29
166 69 29
166 69 29
166 69 29
166 69 29
166 69 29
166 69 29
166 69 29
166 69 29
160 71 30
160 71 30
160 71 30
154 74 31
154 74 31
154 74 31
166 69 29
166 69 29
166 69 29
166 69 29
172 66 28
172 66 28
172 66 28
166 69 29
166 69 29
166 69 29
166 69 29
166 69 29
166 69 29
160 71 30
160 71 30
160 71 30
160 71 30
166 69 29
166 69 29
166 69 29
166 69 29
166 69 29
166 69 29
166 69 29
166 69 29
166 69 29
166 69 29
166 69 29
166 69 29
166 69 29
166 69 29
166 69 29
166 69 29
160 71 30
160 71 30
160 71 30
160 71 30
160 71 30
160 71 30
160 71 30
154 74 31
154 74 31
154 74 31
160 71 30
160 71 30
160 71 30
160 71 30
160 71 30
166 69 29
166 69 29
166 69 29
166 69 29
166 69 29
166 69 29
166 69 29
172 66 28
172 66 28
172 66 28
172 66 28
172 66 28
172 66 28
172 66 28
166 69 29
166 69 29
166 69 29
166 69 29
172 66 28
172 66 28
172 66 28
166 69 29
166 69 29
166 69 29
166 69 29
166 69 29
160 71 30
160 71 30
160 71 30
160 71 30
166 69 29
166 69 29
166 69 29
166 69 29
166 69 29
166 69 29
166 69 29
166 69 29
166 69 29
172 66 28
172 66 28
172 66 28
172 66 28
186 60 25
186 60 25
179 64 27
179 64 27
179 64 27
179 64 27
172 66 28
172 66 28
172 66 28
172 66 28
179 64 27
179 64 27
179 64 27
186 60 25
186 60 25
179 64 27
179 64 27
179 64 27
179 64 27
179 64 27
179 64 27
179 64 27
179 64 27
179 64 27
179 64 27
179 64 27
166 69 29
166 69 29
172 66 28
172 66 28
172 66 28
172 66 28
172 66 28
179 64 27
179 64 27
179 64 27
179 64 27
179 64 27
179 64 27
172 66 28
172 66 28
179 64 27
179 64 27
179 64 27
179 64 27
186 60 25
186 60 25
179 64 27
179 64 27
179 64 27
179 64 27
179 64 27
179 64 27
179 64 27
179 64 27
179 64 27
179 64 27
179 64 27
179 64 27
179 64 27
186 60 25
186 60 25
186 60 25
186 60 25
186 60 25
195 58 24
195 58 24
179 64 27
179 64 27
179 64 27
179 64 27
179 64 27
186 60 25
186 60 25
186 60 25
186 60 25
186 60 25
186 60 25
179 64 27
179 64 27
179 64 27
179 64 27
179 64 27
179 64 27
195 58 24
195 58 24
179 64 27
179 64 27
179 64 27
179 64 27
179 64 27
186 60 25
186 60 25
186 60 25
186 60 25
186 60 25
186 60 25
179 64 27
179 64 27
179 64 27
179 64 27
179 64 27
179 64 27
179 64 27
179 64 27
179 64 27
195 58 24
195 58 24
195 58 24
195 58 24
179 64 27
179 64 27
179 64 27
179 64 27
179 64 27
179 64 27
179 64 27
186 60 25
186 60 25
186 60 25
186 60 25
186 60 25
186 60 25
179 64 27
179 64 27
195 58 24
195 58 24
195 58 24
195 58 24
195 58 24
179 64 27
179 64 27
195 58 24
195 58 24
195 58 24
195 58 24
179 64 27
179 64 27
186 60 25
186 60 25
186 60 25
186 60 25
186 60 25
179 64 27
179 64 27
179 64 27
179 64 27
179 64 27
179 64 27
179 64 27
179 64 27
179 64 27
179 64 27
179 64 27
179 64 27
179 64 27
186 60 25
186 60 25
179 64 27
179 64 27
179 64 27
179 64 27
179 64 27
179 64 27
179 64 27
179 64 27
179 64 27
179 64 27
179 64 27
179 64 27
186 60 25
186 60 25
186 60 25
186 60 25
186 60 25
186 60 25
179 64 27
179 64 27
179 64 27
179 64 27
179 64 27
195 58 24
195 58 24
186 60 25
186 60 25
186 60 25
186 60 25
186 60 25
186 60 25
186 60 25
186 60 25
186 60 25
186 60 25
186 60 25
186 60 25
186 60 25
186 60 25
186 60 25
186 60 25
186 60 25
186 60 25
186 60 25
186 60 25
186 60 25
186 60 25
186 60 25
186 60 25
186 60 25
186 60 25
179 64 27
179 64 27
179 64 27
179 64 27
179 64 27
179 64 27
179 64 27
186 60 25
186 60 25
186 60 25
186 60 25
186 60 25
186 60 25
179 64 27
179 64 27
179 64 27
179 64 27
179 64 27
186 60 25
186 60 25
195 58 24
195 58 24
195 58 24
195 58 24
186 60 25
186 60 25
186 60 25
186 60 25
186 60 25
186 60 25
186 60 25
186 60 25
186 60 25
186 60 25
186 60 25
186 60 25
186 60 25
186 60 25
186 60 25
186 60 25
186 60 25
186 60 25
186 60 25
186 60 25
186 60 25
195 58 24
195 58 24
195 58 24
195 58 24
195 58 24
195 58 24
195 58 24
195 58 24
195 58 24
195 58 24
186 60 25
186 60 25
186 60 25
195 58 24
195 58 24
195 58 24
195 58 24
195 58 24
195 58 24
195 58 24
186 60 25
186 60 25
186 60 25
186 60 25
186 60 25
195 58 24
195 58 24
195 58 24
195 58 24
195 58 24
195 58 24
186 60 25
186 60 25
186 60 25
186 60 25
186 60 25
186 60 25
186 60 25
186 60 25
186 60 25
186 60 25
186 60 25
186 60 25
186 60 25
186 60 25
195 58 24
195 58 24
195 58 24
195 58 24
186 60 25
186 60 25
186 60 25
186 60 25
186 60 25
186 60 25
186 60 25
195 58 24
195 58 24
195 58 24
186 60 25
186 60 25
195 58 24
195 58 24
195 58 24
195 58 24
195 58 24
195 58 24
195 58 24
195 58 24
186 60 25
186 60 25
186 60 25
186 60 25
186 60 25
186 60 25
186 60 25
186 60 25
186 60 25
195 58 24
195 58 24
195 58 24
186 60 25
186 60 25
186 60 25
195 58 24
195 58 24
195 58 24
195 58 24
195 58 24
195 58 24
195 58 24
195 58 24
195 58 24
195 58 24
195 58 24
195 58 24
195 58 24
195 58 24
195 58 24
195 58 24
195 58 24
195 58 24
195 58 24
186 60 25
186 60 25
186 60 25
186 60 25
186 60 25
195 58 24
195 58 24
195 58 24
195 58 24
195 58 24
195 58 24
186 60 25
186 60 25
195 58 24
195 58 24
195 58 24
195 58 24
195 58 24
195 58 24
195 58 24
195 58 24
195 58 24
195 58 24
195 58 24
195 58 24
195 58 24
195 58 24
195 58 24
195 58 24
195 58 24
195 58 24
195 58 24
195 58 24
195 58 24
195 58 24
195 58 24
195 58 24
195 58 24
195 58 24
195 58 24
195 58 24
195 58 24
195 58 24
195 58 24
195 58 24
195 58 24
195 58 24
195 58 24
195 58 24
195 58 24
195 58 24
195 58 24
195 58 24
195 58 24
195 58 24
195 58 24
195 58 24
195 58 24
195 58 24
195 58 24
195 58 24
195 58 24
195 58 24
195 58 24
195 58 24
195 58 24
195 58 24
195 58 24
195 58 24
195 58 24
195 58 24
195 58 24
195 58 24
195 58 24
195 58 24
195 58 24
195 58 24
195 58 24
186 60 25
186 60 25
195 58 24
195 58 24
195 58 24
195 58 24
195 58 24
195 58 24
195 58 24
195 58 24
195 58 24
195 58 24
195 58 24
195 58 24
195 58 24
195 58 24
195 58 24
195 58 24
195 58 24
195 58 24
195 58 24
195 58 24
195 58 24
195 58 24
195 58 24
195 58 24
195 58 24
195 58 24
195 58 24
195 58 24
195 58 24
195 58 24
195 58 24
195 58 24
195 58 24
195 58 24
195 58 24
195 58 24
195 58 24
195 58 24
195 58 24
186 60 25
186 60 25
186 60 25
186 60 25
195 58 24
195 58 24
186 60 25
186 60 25
186 60 25
186 60 25
186 60 25
195 58 24
195 58 24
186 60 25
186 60 25
186 60 25
186 60 25
195 58 24
195 58 24
195 58 24
195 58 24
195 58 24
195 58 24
195 58 24
195 58 24
195 58 24
195 58 24
195 58 24
195 58 24
195 58 24
186 60 25
186 60 25
195 58 24
195 58 24
195 58 24
195 58 24
195 58 24
186 60 25
186 60 25
195 58 24
195 58 24
195 58 24
195 58 24
195 58 24
195 58 24
195 58 24
195 58 24
195 58 24
195 58 24
195 58 24
195 58 24
195 58 24
195 58 24
195 58 24
195 58 24
195 58 24
195 58 24
195 58 24
195 58 24
195 58 24
195 58 24
195 58 24
195 58 24
195 58 24
195 58 24
186 60 25
186 60 25
186 60 25
186 60 25
186 60 25
186 60 25
195 58 24
195 58 24
195 58 24
195 58 24
195 58 24
195 58 24
186 60 25
186 60 25
186 60 25
186 60 25
186 60 25
186 60 25
195 58 24
186 60 25
186 60 25
186 60 25
186 60 25
186 60 25
186 60 25
186 60 25
186 60 25
186 60 25
186 60 25
186 60 25
186 60 25
186 60 25
186 60 25
186 60 25
186 60 25
186 60 25
186 60 25
195 58 24
195 58 24
195 58 24
195 58 24
195 58 24
195 58 24
195 58 24
186 60 25
186 60 25
186 60 25
186 60 25
186 60 25
195 58 24
195 58 24
195 58 24
195 58 24
195 58 24
195 58 24
195 58 24
195 58 24
195 58 24
195 58 24
195 58 24
195 58 24
195 58 24
195 58 24
195 58 24
195 58 24
195 58 24
195 58 24
195 58 24
195 58 24
195 58 24
195 58 24
195 58 24
195 58 24
195 58 24
195 58 24
195 58 24
203 55 23
203 55 23
195 58 24
195 58 24
195 58 24
195 58 24
195 58 24
195 58 24
195 58 24
195 58 24
195 58 24
186 60 25
186 60 25
186 60 25
195 58 24
195 58 24
195 58 24
195 58 24
195 58 24
195 58 24
195 58 24
195 58 24
186 60 25
186 60 25
186 60 25
195 58 24
195 58 24
195 58 24
195 58 24
195 58 24
195 58 24
203 55 23
203 55 23
195 58 24
195 58 24
195 58 24
195 58 24
195 58 24
195 58 24
195 58 24
195 58 24
195 58 24
195 58 24
195 58 24
195 58 24
195 58 24
195 58 24
195 58 24
195 58 24
195 58 24
195 58 24
195 58 24
195 58 24
195 58 24
195 58 24
195 58 24
195 58 24
195 58 24
195 58 24
195 58 24
195 58 24
195 58 24
195 58 24
195 58 24
195 58 24
195 58 24
195 58 24
195 58 24
195 58 24
195 58 24
195 58 24
195 58 24
195 58 24
195 58 24
195 58 24
195 58 24
195 58 24
195 58 24
195 58 24
195 58 24
195 58 24
195 58 24
195 58 24
195 58 24
195 58 24
195 58 24
195 58 24
195 58 24
195 58 24
195 58 24
195 58 24
203 55 23
203 55 23
203 55 23
203 55 23
203 55 23
195 58 24
195 58 24
195 58 24
195 58 24
195 58 24
195 58 24
203 55 23
203 55 23
195 58 24
195 58 24
195 58 24
195 58 24
195 58 24
195 58 24
195 58 24
195 58 24
195 58 24
195 58 24
195 58 24
195 58 24
195 58 24
195 58 24
195 58 24
195 58 24
195 58 24
195 58 24
195 58 24
195 58 24
203 55 23
203 55 23
203 55 23
195 58 24
195 58 24
195 58 24
195 58 24
195 58 24
195 58 24
195 58 24
195 58 24
195 58 24
195 58 24
195 58 24
195 58 24
195 58 24
195 58 24
195 58 24
195 58 24
203 55 23
203 55 23
203 55 23
195 58 24
195 58 24
195 58 24
195 58 24
195 58 24
195 58 24
195 58 24
203 55 23
203 55 23
203 55 23
195 58 24
195 58 24
195 58 24
203 55 23
203 55 23
203 55 23
203 55 23
195 58 24
195 58 24
195 58 24
195 58 24
195 58 24
203 55 23
203 55 23
203 55 23
195 58 24
195 58 24
195 58 24
195 58 24
195 58 24
195 58 24
195 58 24
195 58 24
195 58 24
195 58 24
195 58 24
203 55 23
203 55 23
203 55 23
203 55 23
203 55 23
203 55 23
203 55 23
203 55 23
203 55 23
203 55 23
203 55 23
195 58 24
195 58 24
203 55 23
203 55 23
203 55 23
203 55 23
203 55 23
203 55 23
203 55 23
195 58 24
195 58 24
195 58 24
195 58 24
195 58 24
195 58 24
195 58 24
195 58 24
195 58 24
195 58 24
195 58 24
203 55 23
203 55 23
203 55 23
203 55 23
203 55 23
195 58 24
195 58 24
203 55 23
203 55 23
203 55 23
203 55 23
203 55 23
203 55 23
203 55 23
203 55 23
203 55 23
195 58 24
195 58 24
195 58 24
203 55 23
203 55 23
203 55 23
203 55 23
203 55 23
203 55 23
203 55 23
203 55 23
203 55 23
203 55 23
203 55 23
203 55 23
203 55 23
203 55 23
195 58 24
195 58 24
203 55 23
203 55 23
203 55 23
203 55 23
203 55 23
203 55 23
203 55 23
203 55 23
203 55 23
203 55 23
203 55 23
203 55 23
203 55 23
203 55 23
203 55 23
203 55 23
203 55 23
203 55 23
203 55 23
203 55 23
203 55 23
195 58 24
195 58 24
195 58 24
195 58 24
195 58 24
195 58 24
203 55 23
203 55 23
203 55 23
203 55 23
203 55 23
203 55 23
195 58 24
195 58 24
195 58 24
203 55 23
203 55 23
203 55 23
203 55 23
203 55 23
203 55 23
203 55 23
203 55 23
203 55 23
203 55 23
203 55 23
195 58 24
195 58 24
195 58 24
195 58 24
195 58 24
195 58 24
203 55 23
203 55 23
203 55 23
203 55 23
203 55 23
203 55 23
203 55 23
203 55 23
203 55 23
203 55 23
203 55 23
203 55 23
203 55 23
203 55 23
203 55 23
203 55 23
203 55 23
203 55 23
203 55 23
213 53 22
213 53 22
203 55 23
203 55 23
203 55 23
203 55 23
203 55 23
203 55 23
203 55 23
203 55 23
203 55 23
203 55 23
203 55 23
213 53 22
213 53 22
213 53 22
213 53 22
213 53 22
203 55 23
203 55 23
203 55 23
203 55 23
203 55 23
203 55 23
203 55 23
203 55 23
203 55 23
203 55 23
203 55 23
203 55 23
203 55 23
203 55 23
203 55 23
213 53 22
213 53 22
213 53 22
213 53 22
203 55 23
203 55 23
203 55 23
203 55 23
203 55 23
203 55 23
203 55 23
203 55 23
203 55 23
203 55 23
203 55 23
203 55 23
203 55 23
203 55 23
203 55 23
203 55 23
203 55 23
203 55 23
203 55 23
203 55 23
203 55 23
203 55 23
203 55 23
203 55 23
203 55 23
203 55 23
203 55 23
213 53 22
213 53 22
213 53 22
213 53 22
213 53 22
213 53 22
213 53 22
203 55 23
203 55 23
203 55 23
203 55 23
213 53 22
213 53 22
203 55 23
203 55 23
203 55 23
203 55 23
203 55 23
203 55 23
203 55 23
213 53 22
213 53 22
213 53 22
213 53 22
203 55 23
203 55 23
203 55 23
203 55 23
203 55 23
203 55 23
203 55 23
213 53 22
203 55 23
203 55 23
203 55 23
203 55 23
203 55 23
203 55 23
203 55 23
213 53 22
213 53 22
213 53 22
213 53 22
203 55 23
203 55 23
203 55 23
203 55 23
203 55 23
203 55 23
203 55 23
203 55 23
203 55 23
203 55 23
203 55 23
203 55 23
203 55 23
213 53 22
213 53 22
213 53 22
213 53 22
213 53 22
203 55 23
203 55 23
213 53 22
213 53 22
213 53 22
213 53 22
213 53 22
213 53 22
213 53 22
213 53 22
213 53 22
213 53 22
213 53 22
213 53 22
213 53 22
213 53 22
213 53 22
213 53 22
213 53 22
213 53 22
213 53 22
213 53 22
213 53 22
213 53 22
203 55 23
203 55 23
203 55 23
203 55 23
203 55 23
203 55 23
203 55 23
213 53 22
213 53 22
203 55 23
203 55 23
203 55 23
203 55 23
203 55 23
203 55 23
213 53 22
213 53 22
213 53 22
213 53 22
213 53 22
213 53 22
213 53 22
203 55 23
203 55 23
203 55 23
203 55 23
203 55 23
203 55 23
213 53 22
213 53 22
213 53 22
213 53 22
213 53 22
203 55 23
203 55 23
213 53 22
213 53 22
213 53 22
213 53 22
213 53 22
213 53 22
203 55 23
203 55 23
203 55 23
203 55 23
203 55 23
203 55 23
203 55 23
213 53 22
213 53 22
213 53 22
213 53 22
213 53 22
213 53 22
213 53 22
213 53 22
213 53 22
213 53 22
213 53 22
213 53 22
203 55 23
203 55 23
203 55 23
213 53 22
213 53 22
213 53 22
213 53 22
213 53 22
213 53 22
213 53 22
213 53 22
213 53 22
213 53 22
213 53 22
203 55 23
203 55 23
213 53 22
213 53 22
213 53 22
213 53 22
203 55 23
203 55 23
203 55 23
203 55 23
203 55 23
213 53 22
213 53 22
213 53 22
203 55 23
203 55 23
203 55 23
203 55 23
203 55 23
203 55 23
203 55 23
203 55 23
203 55 23
203 55 23
213 53 22
213 53 22
213 53 22
203 55 23
203 55 23
203 55 23
203 55 23
203 55 23
203 55 23
203 55 23
203 55 23
203 55 23
203 55 23
203 55 23
203 55 23
203 55 23
203 55 23
203 55 23
203 55 23
203 55 23
203 55 23
203 55 23
203 55 23
203 55 23
203 55 23
203 55 23
203 55 23
203 55 23
203 55 23
203 55 23
203 55 23
203 55 23
203 55 23
203 55 23
203 55 23
203 55 23
203 55 23
203 55 23
203 55 23
203 55 23
203 55 23
203 55 23
203 55 23
203 55 23
203 55 23
203 55 23
195 58 24
195 58 24
195 58 24
195 58 24
203 55 23
203 55 23
203 55 23
203 55 23
203 55 23
203 55 23
203 55 23
203 55 23
203 55 23
203 55 23
203 55 23
203 55 23
203 55 23
203 55 23
203 55 23
195 58 24
195 58 24
195 58 24
195 58 24
195 58 24
195 58 24
195 58 24
195 58 24
195 58 24
195 58 24
195 58 24
195 58 24
195 58 24
195 58 24
195 58 24
195 58 24
195 58 24
195 58 24
195 58 24
195 58 24
195 58 24
195 58 24
203 55 23
203 55 23
203 55 23
203 55 23
195 58 24
195 58 24
195 58 24
195 58 24
195 58 24
195 58 24
195 58 24
195 58 24
195 58 24
195 58 24
195 58 24
195 58 24
195 58 24
195 58 24
195 58 24
195 58 24
195 58 24
195 58 24
195 58 24
195 58 24
195 58 24
195 58 24
195 58 24
195 58 24
195 58 24
195 58 24
195 58 24
195 58 24
195 58 24
195 58 24
195 58 24
195 58 24
186 60 25
186 60 25
186 60 25
186 60 25
186 60 25
186 60 25
186 60 25
195 58 24
195 58 24
195 58 24
195 58 24
195 58 24
195 58 24
186 60 25
186 60 25
186 60 25
186 60 25
186 60 25
186 60 25
186 60 25
195 58 24
195 58 24
195 58 24
195 58 24
195 58 24
195 58 24
186 60 25
186 60 25
186 60 25
186 60 25
186 60 25
186 60 25
186 60 25
186 60 25
186 60 25
186 60 25
186 60 25
186 60 25
186 60 25
186 60 25
186 60 25
186 60 25
186 60 25
186 60 25
186 60 25
186 60 25
186 60 25
186 60 25
186 60 25
186 60 25
186 60 25
179 64 27
179 64 27
179 64 27
186 60 25
186 60 25
186 60 25
186 60 25
186 60 25
186 60 25
186 60 25
186 60 25
186 60 25
186 60 25
186 60 25
179 64 27
179 64 27
195 58 24
195 58 24
195 58 24
179 64 27
179 64 27
179 64 27
186 60 25
186 60 25
186 60 25
186 60 25
186 60 25
186 60 25
186 60 25
179 64 27
179 64 27
179 64 27
179 64 27
179 64 27
186 60 25
195 58 24
195 58 24
195 58 24
195 58 24
179 64 27
179 64 27
179 64 27
179 64 27
179 64 27
179 64 27
179 64 27
179 64 27
195 58 24
186 60 25
186 60 25
186 60 25
186 60 25
186 60 25
179 64 27
179 64 27
179 64 27
179 64 27
179 64 27
179 64 27
179 64 27
179 64 27
186 60 25
186 60 25
186 60 25
186 60 25
179 64 27
179 64 27
195 58 24
195 58 24
195 58 24
195 58 24
195 58 24
186 60 25
186 60 25
195 58 24
195 58 24
195 58 24
195 58 24
186 60 25
186 60 25
186 60 25
186 60 25
186 60 25
186 60 25
186 60 25
186 60 25
186 60 25
186 60 25
186 60 25
186 60 25
172 66 28
179 64 27
179 64 27
179 64 27
179 64 27
179 64 27
179 64 27
172 66 28
172 66 28
172 66 28
172 66 28
172 66 28
172 66 28
179 64 27
179 64 27
179 64 27
179 64 27
179 64 27
179 64 27
166 69 29
166 69 29
166 69 29
166 69 29
166 69 29
166 69 29
179 64 27
179 64 27
172 66 28
172 66 28
172 66 28
172 66 28
172 66 28
172 66 28
179 64 27
179 64 27
179 64 27
179 64 27
179 64 27
179 64 27
179 64 27
179 64 27
179 64 27
179 64 27
179 64 27
179 64 27
179 64 27
179 64 27
179 64 27
179 64 27
179 64 27
179 64 27
179 64 27
179 64 27
179 64 27
179 64 27
179 64 27
179 64 27
179 64 27
172 66 28
172 66 28
179 64 27
179 64 27
179 64 27
179 64 27
179 64 27
172 66 28
172 66 28
172 66 28
172 66 28
172 66 28
172 66 28
172 66 28
166 69 29
166 69 29
166 69 29
166 69 29
166 69 29
179 64 27
179 64 27
172 66 28
172 66 28
172 66 28
172 66 28
166 69 29
166 69 29
172 66 28
172 66 28
172 66 28
172 66 28
172 66 28
172 66 28
172 66 28
166 69 29
166 69 29
166 69 29
166 69 29
172 66 28
166 69 29
166 69 29
166 69 29
166 69 29
166 69 29
166 69 29
166 69 29
172 66 28
172 66 28
172 66 28
172 66 28
172 66 28
166 69 29
166 69 29
166 69 29
166 69 29
166 69 29
166 69 29
166 69 29
166 69 29
166 69 29
166 69 29
166 69 29
166 69 29
166 69 29
166 69 29
166 69 29
166 69 29
166 69 29
166 69 29
166 69 29
166 69 29
166 69 29
166 69 29
166 69 29
166 69 29
166 69 29
166 69 29
166 69 29
166 69 29
166 69 29
166 69 29
166 69 29
166 69 29
166 69 29
166 69 29
160 71 30
160 71 30
160 71 30
160 71 30
166 69 29
166 69 29
166 69 29
160 71 30
160 71 30
160 71 30
160 71 30
166 69 29
166 69 29
166 69 29
166 69 29
166 69 29
154 74 31
154 74 31
154 74 31
160 71 30
160 71 30
160 71 30
160 71 30
166 69 29
166 69 29
166 69 29
160 71 30
160 71 30
160 71 30
166 69 29
166 69 29
166 69 29
160 71 30
160 71 30
160 71 30
160 71 30
160 71 30
160 71 30
160 71 30
154 74 31
154 74 31
154 74 31
154 74 31
154 74 31
154 74 31
166 69 29
166 69 29
166 69 29
166 69 29
154 74 31
154 74 31
154 74 31
154 74 31
154 74 31
154 74 31
154 74 31
154 74 31
154 74 31
154 74 31
154 74 31
154 74 31
154 74 31
160 71 30
160 71 30
160 71 30
154 74 31
154 74 31
154 74 31
154 74 31
154 74 31
154 74 31
149 76 32
149 76 32
149 76 32
160 71 30
160 71 30
160 71 30
160 71 30
160 71 30
160 71 30
160 71 30
154 74 31
154 74 31
154 74 31
154 74 31
154 74 31
154 74 31
154 74 31
154 74 31
154 74 31
154 74 31
154 74 31
154 74 31
154 74 31
154 74 31
154 74 31
154 74 31
160 71 30
160 71 30
160 71 30
154 74 31
154 74 31
154 74 31
154 74 31
154 74 31
154 74 31
154 74 31
149 76 32
149 76 32
149 76 32
149 76 32
144 80 33
149 76 32
149 76 32
149 76 32
149 76 32
149 76 32
149 76 32
149 76 32
149 76 32
144 80 33
144 80 33
144 80 33
144 80 33
144 80 33
144 80 33
144 80 33
144 80 33
144 80 33
149 76 32
149 76 32
144 80 33
144 80 33
144 80 33
144 80 33
144 80 33
149 76 32
149 76 32
144 80 33
144 80 33
144 80 33
144 80 33
144 80 33
144 80 33
144 80 33
144 80 33
144 80 33
144 80 33
144 80 33
144 80 33
144 80 33
144 80 33
144 80 33
144 80 33
144 80 33
149 76 32
149 76 32
144 80 33
144 80 33
144 80 33
144 80 33
140 82 34
140 82 34
140 82 34
140 82 34
140 82 34
140 82 34
140 82 34
144 80 33
144 80 33
144 80 33
144 80 33
144 80 33
144 80 33
144 80 33
144 80 33
144 80 33
144 80 33
144 80 33
144 80 33
144 80 33
135 85 36
135 85 36
135 85 36
140 82 34
140 82 34
140 82 34
140 82 34
135 85 36
144 80 33
144 80 33
144 80 33
144 80 33
144 80 33
135 85 36
135 85 36
135 85 36
144 80 33
144 80 33
144 80 33
140 82 34
140 82 34
140 82 34
140 82 34
140 82 34
140 82 34
140 82 34
144 80 33
144 80 33
140 82 34
140 82 34
140 82 34
140 82 34
140 82 34
140 82 34
140 82 34
140 82 34
140 82 34
140 82 34
140 82 34
140 82 34
140 82 34
140 82 34
140 82 34
140 82 34
140 82 34
135 85 36
135 85 36
140 82 34
140 82 34
140 82 34
140 82 34
140 82 34
135 85 36
135 85 36
135 85 36
135 85 36
135 85 36
135 85 36
135 85 36
135 85 36
140 82 34
140 82 34
140 82 34
140 82 34
140 82 34
135 85 36
131 87 37
131 87 37
131 87 37
131 87 37
131 87 37
131 87 37
131 87 37
135 85 36
135 85 36
135 85 36
135 85 36
135 85 36
135 85 36
135 85 36
131 87 37
131 87 37
131 87 37
131 87 37
131 87 37
131 87 37
131 87 37
131 87 37
131 87 37
131 87 37
131 87 37
131 87 37
131 87 37
135 85 36
135 85 36
135 85 36
135 85 36
131 87 37
131 87 37
128 90 38
128 90 38
128 90 38
128 90 38
128 90 38
131 87 37
131 87 37
128 90 38
128 90 38
128 90 38
128 90 38
128 90 38
128 90 38
131 87 37
131 87 37
131 87 37
131 87 37
131 87 37
128 90 38
128 90 38
128 90 38
128 90 38
128 90 38
128 90 38
128 90 38
128 90 38
128 90 38
128 90 38
128 90 38
128 90 38
128 90 38
128 90 38
128 90 38
128 90 38
128 90 38
128 90 38
128 90 38
128 90 38
128 90 38
121 96 40
121 96 40
121 96 40
121 96 40
128 90 38
128 90 38
128 90 38
128 90 38
128 90 38
121 96 40
121 96 40
121 96 40
121 96 40
121 96 40
121 96 40
121 96 40
128 90 38
128 90 38
128 90 38
128 90 38
128 90 38
121 96 40
121 96 40
128 90 38
128 90 38
128 90 38
128 90 38
121 96 40
121 96 40
124 92 39
124 92 39
124 92 39
124 92 39
124 92 39
121 96 40
121 96 40
124 92 39
124 92 39
124 92 39
124 92 39
128 90 38
128 90 38
121 96 40
121 96 40
121 96 40
121 96 40
121 96 40
121 96 40
121 96 40
121 96 40
121 96 40
121 96 40
121 96 40
121 96 40
121 96 40
121 96 40
121 96 40
121 96 40
121 96 40
121 96 40
121 96 40
121 96 40
121 96 40
121 96 40
121 96 40
121 96 40
121 96 40
121 96 40
121 96 40
121 96 40
121 96 40
121 96 40
121 96 40
121 96 40
121 96 40
121 96 40
121 96 40
121 96 40
121 96 40
121 96 40
118 98 41
118 98 41
118 98 41
121 96 40
121 96 40
121 96 40
118 98 41
118 98 41
118 98 41
118 98 41
118 98 41
115 101 42
115 101 42
121 96 40
121 96 40
121 96 40
121 96 40
118 98 41
118 98 41
118 98 41
118 98 41
118 98 41
118 98 41
118 98 41
118 98 41
118 98 41
118 98 41
118 98 41
118 98 41
118 98 41
118 98 41
118 98 41
118 98 41
118 98 41
118 98 41
118 98 41
118 98 41
115 101 42
115 101 42
121 96 40
121 96 40
118 98 41
118 98 41
118 98 41
115 101 42
115 101 42
115 101 42
115 101 42
115 101 42
121 96 40
121 96 40
121 96 40
121 96 40
121 96 40
121 96 40
121 96 40
115 101 42
115 101 42
118 98 41
118 98 41
118 98 41
118 98 41
118 98 41
118 98 41
115 101 42
115 101 42
115 101 42
115 101 42
115 101 42
115 101 42
115 101 42
121 96 40
121 96 40
121 96 40
115 101 42
115 101 42
115 101 42
115 101 42
115 101 42
115 101 42
112 103 43
112 103 43
112 103 43
115 101 42
115 101 42
115 101 42
115 101 42
112 103 43
112 103 43
112 103 43
115 101 42
115 101 42
115 101 42
112 103 43
112 103 43
112 103 43
115 101 42
115 101 42
115 101 42
115 101 42
115 101 42
115 101 42
115 101 42
115 101 42
115 101 42
115 101 42
109 106 45
109 106 45
109 106 45
109 106 45
115 101 42
115 101 42
115 101 42
109 106 45
109 106 45
109 106 45
112 103 43
112 103 43
112 103 43
109 106 45
109 106 45
109 106 45
115 101 42
115 101 42
115 101 42
115 101 42
109 106 45
109 106 45
109 106 45
109 106 45
109 106 45
109 106 45
109 106 45
109 106 45
109 106 45
109 106 45
109 106 45
109 106 45
109 106 45
109 106 45
109 106 45
109 106 45
109 106 45
109 106 45
109 106 45
109 106 45
109 106 45
109 106 45
109 106 45
109 106 45
109 106 45
109 106 45
109 106 45
109 106 45
109 106 45
106 108 46
106 108 46
109 106 45
109 106 45
109 106 45
109 106 45
109 106 45
109 106 45
106 108 46
106 108 46
106 108 46
106 108 46
104 112 47
104 112 47
104 112 47
104 112 47
104 112 47
104 112 47
104 112 47
106 108 46
106 108 46
104 112 47
104 112 47
104 112 47
104 112 47
104 112 47
104 112 47
104 112 47
104 112 47
104 112 47
104 112 47
104 112 47
106 108 46
106 108 46
106 108 46
104 112 47
104 112 47
104 112 47
104 112 47
104 112 47
104 112 47
104 112 47
104 112 47
104 112 47
104 112 47
104 112 47
104 112 47
104 112 47
104 112 47
104 112 47
104 112 47
104 112 47
104 112 47
104 112 47
104 112 47
104 112 47
104 112 47
104 112 47
99 117 49
99 117 49
104 112 47
104 112 47
104 112 47
104 112 47
104 112 47
104 112 47
104 112 47
104 112 47
104 112 47
104 112 47
104 112 47
104 112 47
104 112 47
104 112 47
104 112 47
104 112 47
104 112 47
104 112 47
104 112 47
104 112 47
104 112 47
104 112 47
104 112 47
99 117 49
99 117 49
99 117 49
104 112 47
104 112 47
104 112 47
104 112 47
104 112 47
104 112 47
104 112 47
104 112 47
104 112 47
104 112 47
104 112 47
99 117 49
99 117 49
101 114 48
101 114 48
101 114 48
101 114 48
99 117 49
99 117 49
99 117 49
99 117 49
99 117 49
99 117 49
99 117 49
101 114 48
101 114 48
99 117 49
99 117 49
99 117 49
99 117 49
104 112 47
104 112 47
101 114 48
101 114 48
101 114 48
101 114 48
99 117 49
99 117 49
99 117 49
99 117 49
99 117 49
99 117 49
99 117 49
99 117 49
99 117 49
99 117 49
99 117 49
99 117 49
99 117 49
99 117 49
97 119 50
99 117 49
99 117 49
99 117 49
99 117 49
99 117 49
97 119 50
97 119 50
97 119 50
97 119 50
97 119 50
97 119 50
99 117 49
99 117 49
99 117 49
99 117 49
99 117 49
99 117 49
99 117 49
97 119 50
97 119 50
97 119 50
97 119 50
97 119 50
97 119 50
95 122 51
95 122 51
99 117 49
99 117 49
99 117 49
99 117 49
99 117 49
99 117 49
99 117 49
97 119 50
97 119 50
97 119 50
97 119 50
95 122 51
95 122 51
97 119 50
97 119 50
97 119 50
97 119 50
97 119 50
95 122 51
95 122 51
95 122 51
95 122 51
95 122 51
95 122 51
95 122 51
95 122 51
95 122 51
95 122 51
95 122 51
95 122 51
95 122 51
95 122 51
95 122 51
95 122 51
95 122 51
95 122 51
95 122 51
95 122 51
95 122 51
95 122 51
95 122 51
95 122 51
95 122 51
95 122 51
93 124 52
93 124 52
93 124 52
93 124 52
93 124 52
93 124 52
93 124 52
95 122 51
93 124 52
93 124 52
93 124 52
93 124 52
93 124 52
91 128 54
91 128 54
91 128 54
91 128 54
91 128 54
91 128 54
91 128 54
91 128 54
91 128 54
91 128 54
91 128 54
91 128 54
91 128 54
93 124 52
89 130 55
89 130 55
89 130 55
89 130 55
89 130 55
91 128 54
91 128 54
91 128 54
91 128 54
91 128 54
91 128 54
91 128 54
87 133 56
87 133 56
91 128 54
91 128 54
91 128 54
87 133 56
87 133 56
87 133 56
87 133 56
87 133 56
87 133 56
89 130 55
89 130 55
87 133 56
87 133 56
87 133 56
87 133 56
87 133 56
86 135 57
86 135 57
87 133 56
87 133 56
87 133 56
87 133 56
86 135 57
86 135 57
86 135 57
86 135 57
86 135 57
86 135 57
86 135 57
87 133 56
87 133 56
87 133 56
87 133 56
87 133 56
87 133 56
84 138 58
84 138 58
84 138 58
84 138 58
84 138 58
84 138 58
84 138 58
84 138 58
84 138 58
84 138 58
84 138 58
84 138 58
84 138 58
84 138 58
84 138 58
84 138 58
84 138 58
84 138 58
84 138 58
84 138 58
84 138 58
84 138 58
84 138 58
84 138 58
84 138 58
84 138 58
83 140 59
83 140 59
81 144 60
81 144 60
81 144 60
83 140 59
83 140 59
83 140 59
80 146 61
80 146 61
80 146 61
80 146 61
80 146 61
81 144 60
81 144 60
81 144 60
81 144 60
81 144 60
81 144 60
81 144 60
81 144 60
81 144 60
81 144 60
81 144 60
81 144 60
81 144 60
81 144 60
80 146 61
80 146 61
80 146 61
80 146 61
80 146 61
80 146 61
80 146 61
81 144 60
81 144 60
81 144 60
81 144 60
78 149 63
78 149 63
78 149 63
78 149 63
78 149 63
78 149 63
78 149 63
78 149 63
78 149 63
78 149 63
78 149 63
78 149 63
78 149 63
78 149 63
78 149 63
78 149 63
78 149 63
78 149 63
78 149 63
78 149 63
77 151 64
77 151 64
77 151 64
77 151 64
77 151 64
77 151 64
77 151 64
77 151 64
78 149 63
78 149 63
78 149 63
78 149 63
76 154 65
76 154 65
76 154 65
76 154 65
76 154 65
76 154 65
76 154 65
77 151 64
77 151 64
76 154 65
76 154 65
76 154 65
76 154 65
76 154 65
76 154 65
76 154 65
76 154 65
76 154 65
76 154 65
76 154 65
74 156 66
74 156 66
74 156 66
74 156 66
74 156 66
74 156 66
74 156 66
73 160 67
73 160 67
73 160 67
73 160 67
73 160 67
73 160 67
73 160 67
73 160 67
73 160 67
73 160 67
73 160 67
73 160 67
73 160 67
73 160 67
73 160 67
73 160 67
73 160 67
73 160 67
73 160 67
73 160 67
73 160 67
73 160 67
73 160 67
73 160 67
73 160 67
73 160 67
72 162 68
72 162 68
72 162 68
72 162 68
72 162 68
72 162 68
71 165 69
71 165 69
71 165 69
71 165 69
71 165 69
71 165 69
70 167 70
70 167 70
70 167 70
70 167 70
70 167 70
72 162 68
72 162 68
72 162 68
72 162 68
70 167 70
70 167 70
70 167 70
71 165 69
71 165 69
71 165 69
71 165 69
71 165 69
71 165 69
71 165 69
71 165 69
71 165 69
71 165 69
70 167 70
70 167 70
70 167 70
70 167 70
70 167 70
70 167 70
70 167 70
70 167 70
70 167 70
70 167 70
70 167 70
70 167 70
70 167 70
69 170 72
69 170 72
69 170 72
69 170 72
69 170 72
69 170 72
67 172 73
67 172 73
67 172 73
67 172 73
67 172 73
67 172 73
67 172 73
67 172 73
67 172 73
67 172 73
67 172 73
67 172 73
67 172 73
66 176 74
66 176 74
66 176 74
66 176 74
67 172 73
67 172 73
67 172 73
67 172 73
67 172 73
66 176 74
66 176 74
66 176 74
66 176 74
66 176 74
66 176 74
66 176 74
65 178 75
65 178 75
65 178 75
65 178 75
65 178 75
65 178 75
65 178 75
65 178 75
65 178 75
65 178 75
66 176 74
66 176 74
65 178 75
65 178 75
65 178 75
65 178 75
65 181 76
65 181 76
65 178 75
65 178 75
65 178 75
65 178 75
65 178 75
65 181 76
65 181 76
65 181 76
65 181 76
65 181 76
65 181 76
64 183 77
64 183 77
64 183 77
64 183 77
64 183 77
64 183 77
64 183 77
64 183 77
64 183 77
63 186 78
63 186 78
63 186 78
63 186 78
63 186 78
63 186 78
63 186 78
63 186 78
63 186 78
63 186 78
63 186 78
63 186 78
63 186 78
63 186 78
63 186 78
63 186 78
63 186 78
62 188 79
62 188 79
63 186 78
63 186 78
63 186 78
63 186 78
63 186 78
63 186 78
63 186 78
63 186 78
63 186 78
63 186 78
63 186 78
62 188 79
62 188 79
62 188 79
62 188 79
62 188 79
62 188 79
63 186 78
63 186 78
63 186 78
64 183 77
64 183 77
64 183 77
64 183 77
62 188 79
62 188 79
62 188 79
62 188 79
62 188 79
62 188 79
62 188 79
63 186 78
63 186 78
63 186 78
63 186 78
63 186 78
63 186 78
63 186 78
63 186 78
63 186 78
63 186 78
63 186 78
63 186 78
63 186 78
63 186 78
63 186 78
63 186 78
63 186 78
63 186 78
63 186 78
63 186 78
63 186 78
62 188 79
62 188 79
62 188 79
62 188 79
63 186 78
63 186 78
63 186 78
63 186 78
63 186 78
63 186 78
63 186 78
63 186 78
63 186 78
64 183 77
64 183 77
64 183 77
64 183 77
64 183 77
63 186 78
63 186 78
63 186 78
63 186 78
63 186 78
64 183 77
64 183 77
64 183 77
63 186 78
63 186 78
63 186 78
63 186 78
63 186 78
63 186 78
63 186 78
63 186 78
63 186 78
63 186 78
63 186 78
63 186 78
63 186 78
64 183 77
64 183 77
64 183 77
64 183 77
62 188 79
62 188 79
63 186 78
63 186 78
63 186 78
63 186 78
63 186 78
63 186 78
63 186 78
62 188 79
62 188 79
62 188 79
62 188 79
62 188 79
62 188 79
62 188 79
63 186 78
63 186 78
63 186 78
63 186 78
63 186 78
63 186 78
62 188 79
62 188 79
62 188 79
62 188 79
62 188 79
62 188 79
62 188 79
62 188 79
62 188 79
62 188 79
63 186 78
63 186 78
63 186 78
63 186 78
63 186 78
63 186 78
63 186 78
63 186 78
63 186 78
62 188 79
62 188 79
62 188 79
62 188 79
62 188 79
62 188 79
62 188 79
62 188 79
62 188 79
62 188 79
62 188 79
62 188 79
62 188 79
62 188 79
62 188 79
62 188 79
62 188 79
63 186 78
63 186 78
63 186 78
63 186 78
63 186 78
63 186 78
63 186 78
63 186 78
63 186 78
61 192 81
61 192 81
61 192 81
61 192 81
63 186 78
63 186 78
61 192 81
61 192 81
61 192 81
61 192 81
61 192 81
61 192 81
61 192 81
62 188 79
62 188 79
62 188 79
62 188 79
61 192 81
61 192 81
61 192 81
61 192 81
61 192 81
61 192 81
61 192 81
61 192 81
61 192 81
62 188 79
62 188 79
62 188 79
61 192 81
61 192 81
61 192 81
61 192 81
61 192 81
61 192 81
61 192 81
61 192 81
61 192 81
61 192 81
61 192 81
61 192 81
61 192 81
61 192 81
61 192 81
61 192 81
61 192 81
61 192 81
61 192 81
60 194 82
60 194 82
60 194 82
60 194 82
60 194 82
60 194 82
60 194 82
59 197 83
59 197 83
59 197 83
59 197 83
59 197 83
59 197 83
59 197 83
59 197 83
59 197 83
59 197 83
59 197 83
59 197 83
59 199 84
59 199 84
59 199 84
59 199 84
59 199 84
59 199 84
59 199 84
59 197 83
59 197 83
59 197 83
59 197 83
59 197 83
59 197 83
59 197 83
59 197 83
59 197 83
59 197 83
59 199 84
59 199 84
59 199 84
58 202 85
58 202 85
58 202 85
58 202 85
58 202 85
58 202 85
58 202 85
58 202 85
58 202 85
58 202 85
58 202 85
58 202 85
58 202 85
57 204 86
57 204 86
57 204 86
57 204 86
57 204 86
57 204 86
57 204 86
57 204 86
57 204 86
56 208 87
56 208 87
56 208 87
56 208 87
56 208 87
56 208 87
56 208 87
55 213 90
55 213 90
55 213 90
55 213 90
55 213 90
55 213 90
55 213 90
55 213 90
55 213 90
55 213 90
55 213 90
55 213 90
55 213 90
55 213 90
55 213 90
55 213 90
54 218 92
54 218 92
54 218 92
54 218 92
54 215 91
54 215 91
54 215 91
54 218 92
54 218 92
54 218 92
54 218 92
54 218 92
54 218 92
52 224 94
52 224 94
52 224 94
54 218 92
54 218 92
54 218 92
52 224 94
52 224 94
52 224 94
52 224 94
52 224 94
52 224 94
52 224 94
52 224 94
52 224 94
52 224 94
52 226 95
52 226 95
52 226 95
52 226 95
52 226 95
52 226 95
51 229 96
51 229 96
51 229 96
51 229 96
51 229 96
51 229 96
51 229 96
52 226 95
52 226 95
52 226 95
52 226 95
52 226 95
52 226 95
52 226 95
51 229 96
51 229 96
50 234 99
50 234 99
50 234 99
50 234 99
50 234 99
50 234 99
50 234 99
50 234 99
50 234 99
50 234 99
50 234 99
50 234 99
49 236 100
49 236 100
49 236 100
49 236 100
49 240 101
49 240 101
49 240 101
49 240 101
49 240 101
49 240 101
49 236 100
49 236 100
49 236 100
49 236 100
49 240 101
49 240 101
49 240 101
48 242 102
48 242 102
48 242 102
48 245 103
48 245 103
48 245 103
48 245 103
48 245 103
48 245 103
48 245 103
48 245 103
48 245 103
48 245 103
48 245 103
48 245 103
48 245 103
48 245 103
48 245 103
48 245 103
48 245 103
48 245 103
48 245 103
48 245 103
48 242 102
48 242 102
48 242 102
48 242 102
48 242 102
48 245 103
48 245 103
48 245 103
48 245 103
48 245 103
48 245 103
48 245 103
48 245 103
47 250 105
47 250 105
47 247 104
47 247 104
47 247 104
47 247 104
47 247 104
47 250 105
47 250 105
47 250 105
47 250 105
47 250 105
47 250 105
47 250 105
47 250 105
47 250 105
47 250 105
47 250 105
47 250 105
47 247 104
47 247 104
47 250 105
47 250 105
47 250 105
47 250 105
46 256 108
46 256 108
47 250 105
47 250 105
47 250 105
47 250 105
46 256 108
46 256 108
46 256 108
46 256 108
46 256 108
46 256 108
46 256 108
46 256 108
46 256 108
46 256 108
46 256 108
46 256 108
46 256 108
46 256 108
46 256 108
46 252 106
46 252 106
46 252 106
46 252 106
46 256 108
46 256 108
45 258 109
45 258 109
45 258 109
45 258 109
45 258 109
45 258 109
46 252 106
46 252 106
45 258 109
45 258 109
45 258 109
45 258 109
46 256 108
46 256 108
45 258 109
45 258 109
45 258 109
45 258 109
45 258 109
45 258 109
45 258 109
45 258 109
45 258 109
45 258 109
45 258 109
45 261 110
45 261 110
45 258 109
45 258 109
45 258 109
45 258 109
44 263 111
44 263 111
45 261 110
45 261 110
45 261 110
45 261 110
45 261 110
45 261 110
45 261 110
45 261 110
44 263 111
44 263 111
44 263 111
44 263 111
44 266 112
44 266 112
44 266 112
44 266 112
44 266 112
44 266 112
44 266 112
44 266 112
43 268 113
43 268 113
43 268 113
43 268 113
43 268 113
43 268 113
44 266 112
44 266 112
44 266 112
44 266 112
44 266 112
44 266 112
43 272 114
43 272 114
44 266 112
44 266 112
44 266 112
44 266 112
44 266 112
43 268 113
43 268 113
43 268 113
43 268 113
43 268 113
43 268 113
42 277 117
42 277 117
43 272 114
43 272 114
43 272 114
43 272 114
43 272 114
43 272 114
43 272 114
42 277 117
42 277 117
43 274 115
43 274 115
43 274 115
43 274 115
42 277 117
42 277 117
42 277 117
42 277 117
42 277 117
42 279 118
42 279 118
42 279 118
42 279 118
42 279 118
42 279 118
41 284 120
41 284 120
41 284 120
41 284 120
41 284 120
41 284 120
41 282 119
41 282 119
41 282 119
41 282 119
41 282 119
41 282 119
41 282 119
41 284 120
41 284 120
41 284 120
41 284 120
41 282 119
41 282 119
41 282 119
41 282 119
41 282 119
41 282 119
41 284 120
41 284 120
41 284 120
41 284 120
41 284 120
40 290 122
40 290 122
40 290 122
40 293 123
40 293 123
40 293 123
40 293 123
40 293 123
40 293 123
40 293 123
40 293 123
40 293 123
40 293 123
40 293 123
40 293 123
40 293 123
40 293 123
40 293 123
42 279 118
42 279 118
42 279 118
42 279 118
42 279 118
42 279 118
42 279 118
42 279 118
42 279 118
42 279 118
